     0/299     1.91G      6.81       4.6         0      11.4        15       320         0         0   0.00626         0      3.63      3.71         0
     1/299     5.24G       5.4      3.91         0      9.31        10       320         0         0    0.0108         0      3.22      3.36         0
     2/299     5.34G      4.92      3.89         0      8.82        14       320         0         0   0.00951         0      3.21      3.19         0
     3/299     5.34G      4.78       3.6         0      8.38        15       320         0         0    0.0269         0      2.77      3.08         0
     4/299     5.34G      4.76      3.35         0       8.1        11       320         0         0    0.0556         0      2.74      2.88         0
     5/299     5.34G      4.57      3.24         0      7.81        13       320         1   0.00714     0.136    0.0142      2.55      2.71         0
     6/299     5.34G       4.4      3.02         0      7.42        13       320     0.502    0.0216     0.241    0.0415      2.45      2.47         0
     7/299     5.34G      4.31      2.81         0      7.12         9       320     0.435     0.229     0.297       0.3      2.43      2.19         0
     8/299     5.34G      4.26      2.52         0      6.78        12       320     0.199     0.579     0.244     0.296      2.75      1.88         0
     9/299     5.34G      4.34      2.47         0      6.81        13       320     0.384     0.371     0.336     0.378      2.51      1.83         0
    10/299     5.34G      4.17      2.45         0      6.62         8       320     0.232     0.643      0.33     0.341      2.54      1.68         0
    11/299     5.34G      4.04      2.27         0      6.31         9       320     0.374     0.771      0.49     0.503      2.18      1.56         0
    12/299     5.34G      3.82      2.02         0      5.84        11       320     0.367     0.743     0.568     0.491      2.34      1.45         0
    13/299     5.34G      3.73      1.95         0      5.68         9       320     0.458     0.836     0.699     0.592      2.16      1.28         0
    14/299     5.34G      3.79      1.79         0      5.57        17       320     0.419     0.916     0.788     0.575         2       1.1         0
    15/299     5.34G      3.67      1.77         0      5.44         8       320     0.512     0.857     0.812     0.641      1.78      1.12         0
    16/299     5.34G      3.42      1.66         0      5.08        11       320     0.465       0.9     0.855     0.613         2      1.02         0
    17/299     5.34G      3.36      1.57         0      4.93        12       320     0.412     0.921     0.888     0.569      1.62     0.941         0
    18/299     5.34G      3.29      1.49         0      4.78        12       320     0.222     0.957     0.866      0.36      1.91     0.901         0
    19/299     5.34G       3.1       1.4         0       4.5         8       320     0.412     0.943     0.879     0.574      1.65     0.892         0
    20/299     5.34G      3.13      1.33         0      4.47        16       320      0.42     0.979     0.919     0.588      1.54     0.808         0
    21/299     5.34G      2.98      1.29         0      4.27        10       320     0.389     0.971     0.939     0.556      1.54     0.749         0
    22/299     5.34G      2.78      1.32         0       4.1        15       320      0.48     0.979     0.955     0.644      1.34     0.751         0
    23/299     5.34G      2.74      1.28         0      4.02        16       320     0.424     0.971     0.938      0.59      1.38     0.788         0
    24/299     5.34G      2.77      1.16         0      3.93        14       320     0.433     0.986     0.962     0.602      1.45     0.687         0
    25/299     5.34G      2.67      1.12         0      3.79        12       320     0.459     0.971     0.964     0.624      1.31     0.707         0
    26/299     5.34G      2.56      1.13         0      3.69        15       320     0.577     0.986     0.971     0.728      1.29     0.703         0
    27/299     5.34G      2.54      1.03         0      3.56         9       320     0.644     0.971     0.968     0.775      1.24     0.686         0
    28/299     5.34G      2.58     0.984         0      3.56        10       320     0.604     0.986     0.969     0.749      1.34      0.69         0
    29/299     5.34G      2.46      1.07         0      3.53        12       320     0.665     0.993     0.984     0.797      1.25     0.651         0
    30/299     5.34G      2.35      1.04         0      3.39        14       320     0.577     0.993     0.976      0.73      1.27     0.638         0
    31/299     5.34G      2.45      0.98         0      3.43         9       320     0.632     0.986     0.977      0.77      1.13     0.637         0
    32/299     5.34G      2.36     0.936         0      3.29        13       320     0.691     0.993     0.982     0.815      1.29      0.64         0
    33/299     5.34G      2.23     0.924         0      3.15         8       320     0.699     0.993     0.985      0.82      1.12     0.602         0
    34/299     5.34G      2.05     0.932         0      2.98        15       320     0.685         1     0.975     0.813      1.14     0.612         0
    35/299     5.34G      2.24      0.86         0       3.1         9       320      0.73     0.993     0.979     0.841      1.22     0.632         0
    36/299     5.34G      2.15     0.911         0      3.06        12       320     0.661     0.993     0.979     0.794      1.24     0.621         0
    37/299     5.34G      2.09     0.839         0      2.93        12       320     0.737     0.993     0.986     0.846       1.2     0.603         0
    38/299     5.34G      2.05     0.857         0       2.9         9       320     0.741     0.993     0.988     0.849      1.11     0.581         0
    39/299     5.34G      2.06     0.849         0      2.91        10       320     0.761     0.993     0.986     0.862      1.08     0.577         0
    40/299     5.34G      2.11     0.838         0      2.95        10       320     0.736     0.986     0.981     0.843      1.12     0.587         0
    41/299     5.34G      2.14     0.892         0      3.04        19       320     0.753     0.993     0.984     0.856      1.12      0.61         0
    42/299     5.34G      1.94     0.844         0      2.79        13       320     0.762     0.979     0.978     0.857      1.14     0.602         0
    43/299     5.34G      1.96     0.788         0      2.74         8       320     0.754     0.993     0.986     0.857      1.13     0.584         0
    44/299     5.34G      1.96     0.838         0       2.8        13       320     0.769     0.986     0.982     0.864      1.12     0.608         0
    45/299     5.34G      1.95     0.828         0      2.78        12       320     0.809     0.986     0.986     0.888      1.09     0.609         0
    46/299     5.34G      1.98     0.784         0      2.76        10       320     0.752     0.986     0.979     0.853      1.12      0.64         0
    47/299     5.34G      1.84     0.779         0      2.62        15       320     0.751     0.986      0.98     0.853      1.07     0.597         0
    48/299     5.34G      1.96       0.8         0      2.76        12       320     0.797     0.986     0.972     0.881      1.08     0.619         0
    49/299     5.34G      1.89     0.812         0      2.71        17       320     0.789     0.993     0.981     0.879      1.02     0.573         0
    50/299     5.34G      1.86     0.788         0      2.65        15       320     0.864         1     0.985     0.927      1.08     0.569         0
    51/299     5.34G      1.83     0.765         0       2.6        11       320     0.792         1     0.987     0.884      1.03     0.556         0
    52/299     5.34G       1.8     0.813         0      2.62        19       320     0.819         1     0.984       0.9      1.07     0.587         0
    53/299     5.34G      1.86     0.752         0      2.61        21       320     0.853     0.993     0.992     0.918      1.03     0.529         0
    54/299     5.34G      1.79     0.788         0      2.58        15       320     0.829         1      0.99     0.906      1.01     0.549         0
    55/299     5.34G      1.69      0.72         0      2.41        10       320     0.911         1     0.988     0.953      1.12     0.559         0
    56/299     5.34G      1.76     0.742         0       2.5        10       320     0.836         1     0.987      0.91      1.01     0.541         0
    57/299     5.34G      1.74     0.743         0      2.48         7       320     0.846     0.993     0.987     0.914      1.05     0.542         0
    58/299     5.34G      1.68     0.711         0      2.39         8       320     0.742         1     0.969     0.852      1.11     0.557         0
    59/299     5.34G      1.79     0.711         0       2.5        12       320     0.866     0.993     0.986     0.925     0.989     0.537         0
    60/299     5.34G      1.71     0.724         0      2.43         9       320      0.87     0.993     0.988     0.927      1.02     0.546         0
    61/299     5.34G      1.68     0.751         0      2.43        17       320     0.874     0.987     0.986     0.927     0.979     0.542         0
    62/299     5.34G      1.69     0.738         0      2.43        14       320      0.88         1     0.987     0.936      1.03      0.55         0
    63/299     5.34G      1.75      0.71         0      2.46        16       320     0.918     0.993     0.986     0.954      1.05     0.575         0
    64/299     5.34G      1.64      0.72         0      2.36        12       320     0.847     0.993     0.987     0.914         1     0.562         0
    65/299     5.34G      1.72     0.682         0      2.41        13       320     0.879     0.986     0.982     0.929         1     0.561         0
    66/299     5.34G      1.66     0.706         0      2.37        15       320     0.868     0.979     0.977      0.92      0.98     0.545         0
    67/299     5.34G      1.68     0.699         0      2.38        12       320     0.889     0.986     0.986     0.935      1.01     0.545         0
    68/299     5.34G      1.66     0.719         0      2.37        11       320     0.842     0.993     0.985     0.911     0.953     0.538         0
    69/299     5.34G      1.62       0.7         0      2.32         7       320     0.891     0.993     0.989     0.939      1.05     0.548         0
    70/299     5.34G      1.62      0.69         0      2.31        19       320     0.864     0.993     0.988     0.924     0.998     0.541         0
    71/299     5.34G      1.61       0.7         0      2.31        20       320     0.877         1      0.99     0.935     0.971     0.514         0
    72/299     5.34G      1.56     0.653         0      2.21        12       320     0.875         1      0.99     0.933      1.04     0.528         0
    73/299     5.34G      1.55      0.69         0      2.24        14       320     0.872     0.993     0.989     0.929     0.981     0.517         0
    74/299     5.34G      1.53     0.663         0       2.2        17       320     0.877     0.993     0.989     0.931     0.989     0.511         0
    75/299     5.34G      1.63     0.691         0      2.32        13       320     0.889     0.993     0.989     0.938      1.03     0.524         0
    76/299     5.34G      1.63     0.661         0      2.29        13       320      0.91     0.986     0.987     0.947         1     0.499         0
    77/299     5.34G       1.6      0.65         0      2.25        13       320     0.905     0.993     0.988     0.947      1.02     0.501         0
    78/299     5.34G      1.47     0.657         0      2.13        16       320     0.899     0.993     0.987     0.944     0.977     0.498         0
    79/299     5.34G      1.54     0.653         0       2.2         9       320     0.887     0.993     0.987     0.937     0.976     0.506         0
    80/299     5.34G      1.54     0.648         0      2.19        13       320     0.885     0.986     0.987     0.933      1.04     0.516         0
    81/299     5.34G      1.49     0.666         0      2.16        12       320     0.862     0.986     0.981      0.92      1.01     0.536         0
    82/299     5.34G      1.53     0.631         0      2.16        12       320     0.888     0.986     0.982     0.934     0.995     0.533         0
    83/299     5.34G      1.47     0.674         0      2.15         9       320      0.88     0.986      0.98      0.93      1.01     0.539         0
    84/299     5.34G      1.48     0.625         0       2.1        13       320     0.869     0.986     0.985     0.923     0.959     0.529         0
    85/299     5.34G      1.54     0.623         0      2.16        14       320      0.89     0.986     0.987     0.936     0.975     0.544         0
    86/299     5.34G      1.47     0.649         0      2.12         9       320     0.886     0.993     0.984     0.937     0.933     0.521         0
    87/299     5.34G       1.5     0.646         0      2.14        12       320     0.893     0.993     0.985      0.94     0.931     0.508         0
    88/299     5.34G      1.39      0.64         0      2.03        11       320     0.874     0.993     0.987      0.93     0.936     0.481         0
    89/299     5.34G      1.46     0.666         0      2.12        15       320     0.871     0.993     0.984     0.928     0.981     0.482         0
    90/299     5.34G      1.41     0.598         0         2        10       320     0.896         1     0.988     0.945     0.957     0.509         0
    91/299     5.34G      1.46     0.607         0      2.06        15       320     0.863         1      0.99     0.926      0.96     0.507         0
    92/299     5.34G      1.43      0.66         0      2.09        22       320     0.877         1      0.99     0.935     0.967     0.505         0
    93/299     5.34G      1.44     0.598         0      2.03        12       320     0.897         1     0.992     0.945     0.944     0.502         0
    94/299     5.34G       1.4     0.606         0         2        15       320      0.91         1      0.99     0.953     0.944     0.498         0
    95/299     5.34G      1.39     0.612         0         2        18       320     0.894     0.993     0.989     0.941     0.945     0.501         0
    96/299     5.34G      1.37     0.593         0      1.96        12       320     0.906         1      0.99     0.951     0.946     0.494         0
    97/299     5.34G      1.33     0.573         0       1.9        10       320     0.864         1     0.991     0.927     0.928     0.486         0
    98/299     5.34G      1.41     0.569         0      1.98        10       320     0.895         1     0.991     0.945     0.931      0.49         0
    99/299     5.34G      1.35     0.586         0      1.93        12       320      0.89     0.993      0.99     0.939     0.955     0.486         0
   100/299     5.34G      1.38     0.618         0      1.99        17       320     0.906         1     0.991     0.951     0.945     0.489         0
   101/299     5.34G      1.35     0.604         0      1.95        12       320     0.879     0.993     0.989     0.932     0.982     0.483         0
   102/299     5.34G      1.37     0.612         0      1.98        15       320     0.913         1     0.988     0.954      0.93     0.488         0
   103/299     5.34G      1.36     0.571         0      1.93         6       320     0.911         1     0.991     0.954     0.919     0.505         0
   104/299     5.34G      1.33     0.574         0      1.91        15       320     0.918     0.986      0.99     0.951      0.94     0.507         0
   105/299     5.34G      1.36     0.584         0      1.94        10       320     0.919     0.993      0.99     0.955     0.969     0.514         0
   106/299     5.34G      1.31     0.588         0       1.9        10       320     0.922         1     0.989     0.959      0.96     0.504         0
   107/299     5.34G      1.27     0.606         0      1.88        14       320     0.917     0.993     0.989     0.953     0.966     0.501         0
   108/299     5.34G      1.34     0.578         0      1.92        15       320     0.894     0.993      0.99     0.941     0.969     0.504         0
   109/299     5.34G       1.3     0.567         0      1.87        11       320     0.903         1     0.986     0.949     0.965     0.509         0
   110/299     5.34G       1.3     0.551         0      1.85        13       320     0.921     0.993     0.988     0.955     0.944     0.507         0
   111/299     5.34G      1.31     0.541         0      1.85         8       320       0.9     0.986     0.987     0.941     0.944     0.553         0
   112/299     5.34G      1.33     0.578         0      1.91         6       320     0.895     0.986     0.987     0.938     0.927      0.53         0
   113/299     5.34G      1.26     0.557         0      1.82        14       320     0.893     0.993     0.992      0.94     0.941     0.518         0
   114/299     5.34G      1.33     0.569         0       1.9        11       320     0.917         1     0.992     0.957     0.969     0.529         0
   115/299     5.34G      1.26     0.545         0       1.8        12       320     0.896         1     0.991     0.945     0.934     0.489         0
   116/299     5.34G      1.31     0.585         0      1.89        15       320     0.905         1     0.992      0.95     0.935     0.484         0
   117/299     5.34G      1.31     0.551         0      1.86        15       320     0.897     0.993     0.988     0.943     0.983     0.525         0
   118/299     5.34G      1.21     0.563         0      1.78         9       320     0.901     0.993     0.987     0.945     0.942     0.525         0
   119/299     5.34G      1.24     0.547         0      1.78        14       320     0.922     0.993     0.992     0.956     0.952      0.55         0
   120/299     5.34G      1.29     0.548         0      1.84         9       320     0.918         1      0.99     0.957     0.939     0.508         0
   121/299     5.34G      1.26      0.57         0      1.83        10       320     0.908         1     0.989     0.952     0.926     0.503         0
   122/299     5.34G      1.27      0.56         0      1.83        14       320     0.911         1     0.991     0.954     0.929     0.513         0
   123/299     5.34G      1.25     0.575         0      1.83        13       320     0.921     0.993     0.992     0.956     0.934      0.54         0
   124/299     5.34G      1.25     0.563         0      1.82        13       320     0.935     0.993     0.992     0.963     0.964     0.547         0
   125/299     5.34G      1.23     0.548         0      1.78        10       320     0.945     0.986     0.988     0.965      0.95     0.503         0
   126/299     5.34G      1.19     0.528         0      1.71        10       320     0.924     0.993      0.99     0.957     0.989     0.515         0
   127/299     5.34G       1.2      0.56         0      1.76        14       320      0.91         1     0.991     0.953     0.955     0.511         0
   128/299     5.34G      1.21     0.549         0      1.76        13       320     0.928     0.993     0.992     0.959     0.949     0.508         0
   129/299     5.34G      1.16     0.497         0      1.65         8       320     0.907         1     0.991     0.951     0.939     0.521         0
