     0/299     1.81G      5.36      5.08         0      10.4        29       320         0         0   0.00629         0      4.76       4.5         0
     1/299     5.25G       4.4      3.69         0      8.08        32       320         0         0    0.0161         0      3.75      3.69         0
     2/299     5.31G      3.59      3.18         0      6.76        39       320     0.144    0.0429     0.049    0.0661      3.13       3.2         0
     3/299     5.31G      3.05      2.69         0      5.74        42       320    0.0796     0.629     0.142     0.141      2.83      2.97         0
     4/299     5.31G      2.68      2.17         0      4.85        37       320     0.112     0.857     0.337     0.198       2.9      2.13         0
     5/299     5.31G      2.73      1.62         0      4.35        36       320     0.126     0.986     0.525     0.224      2.81      1.37         0
     6/299     5.31G      3.12       1.4         0      4.52        38       320     0.186     0.293     0.152     0.227      4.42      1.72         0
     7/299     5.31G      3.35       1.4         0      4.75        32       320     0.374       0.6     0.361     0.461      2.94      1.57         0
     8/299     5.31G      2.62      1.36         0      3.98        45       320     0.309     0.829     0.483      0.45      2.42      1.44         0
     9/299     5.31G      2.45      1.29         0      3.73        35       320     0.522     0.521     0.461     0.522      2.67      1.85         0
    10/299     5.31G      2.42      1.24         0      3.66        32       320     0.551     0.536     0.531     0.543      2.44      1.72         0
    11/299     5.31G      2.22      1.05         0      3.27        33       320     0.747     0.471     0.566     0.578      2.33      1.96         0
    12/299     5.31G       2.2     0.946         0      3.15        38       320     0.779     0.893     0.928     0.832      1.78      0.96         0
    13/299     5.31G      1.99     0.924         0      2.91        40       320     0.851     0.964     0.976     0.904      1.72     0.765         0
    14/299     5.31G      1.97     0.855         0      2.82        30       320     0.827     0.986     0.985       0.9       1.8     0.711         0
    15/299     5.31G      1.95     0.871         0      2.82        37       320     0.464     0.986      0.92     0.631      2.23     0.696         0
    16/299     5.31G      1.91     0.775         0      2.69        36       320     0.669     0.986     0.986     0.797      1.73     0.684         0
    17/299     5.31G      1.96     0.708         0      2.66        31       320     0.708         1     0.988     0.829      1.75     0.663         0
    18/299     5.31G      1.73     0.741         0      2.47        41       320     0.743         1      0.99     0.853      1.52      0.62         0
    19/299     5.31G      2.04     0.684         0      2.72        42       320     0.943     0.986     0.991     0.964      1.43      0.89         0
    20/299     5.31G      1.88     0.853         0      2.74        43       320     0.597     0.993     0.925     0.746      1.82     0.715         0
    21/299     5.31G      1.98     0.733         0      2.72        40       320      0.88         1     0.993     0.936      1.47     0.648         0
    22/299     5.31G      1.81     0.688         0       2.5        28       320     0.841         1     0.988     0.914      1.47     0.638         0
    23/299     5.31G      1.76     0.689         0      2.44        43       320     0.848         1     0.991     0.918      1.52     0.673         0
    24/299     5.31G      1.73     0.676         0       2.4        29       320     0.862         1     0.992     0.926      1.38     0.675         0
    25/299     5.31G      1.61     0.662         0      2.27        41       320     0.865         1     0.991     0.928      1.52     0.654         0
    26/299     5.31G      1.57     0.661         0      2.23        30       320     0.853         1     0.989     0.921      1.44     0.625         0
    27/299     5.31G      1.59     0.648         0      2.24        31       320     0.891         1     0.993     0.942      1.31     0.602         0
    28/299     5.31G      1.52     0.649         0      2.17        38       320     0.904         1     0.994      0.95      1.38     0.636         0
    29/299     5.31G      1.54     0.625         0      2.17        35       320     0.905     0.993      0.99     0.947      1.29     0.626         0
    30/299     5.31G      1.48     0.604         0      2.08        31       320     0.884     0.993     0.987     0.935      1.45     0.579         0
    31/299     5.31G      1.47     0.622         0      2.09        37       320     0.953     0.993     0.993     0.973      1.26     0.614         0
    32/299     5.31G      1.92     0.683         0       2.6        29       320     0.939         1      0.99     0.969      1.32     0.663         0
    33/299     5.31G      1.82     0.664         0      2.49        37       320     0.927         1     0.993     0.962       1.6     0.632         0
    34/299     5.31G      1.47     0.674         0      2.15        39       320     0.906         1     0.993     0.951      1.39     0.575         0
    35/299     5.31G      1.63     0.596         0      2.22        44       320     0.843         1     0.992     0.915      1.52     0.579         0
    36/299     5.31G      1.46     0.635         0      2.09        40       320      0.93         1     0.994     0.964      1.56     0.586         0
    37/299     5.31G      1.56     0.624         0      2.18        38       320     0.953         1     0.993     0.976      1.24     0.558         0
    38/299     5.31G       1.5     0.578         0      2.08        29       320     0.922         1     0.994      0.96      1.47     0.573         0
    39/299     5.31G      1.41      0.59         0      1.99        36       320      0.96         1     0.994      0.98       1.5      0.61         0
    40/299     5.31G      1.31     0.572         0      1.88        34       320     0.937     0.993     0.994     0.964      1.34     0.582         0
    41/299     5.31G      1.39      0.57         0      1.96        45       320     0.955         1     0.994     0.977      1.26     0.573         0
    42/299     5.31G      1.24      0.54         0      1.78        36       320     0.959         1     0.993     0.979      1.33     0.572         0
    43/299     5.31G      1.26     0.535         0       1.8        33       320     0.953         1     0.991     0.976      1.15     0.583         0
    44/299     5.31G      1.31      0.51         0      1.82        28       320     0.961         1     0.993      0.98      1.12     0.577         0
    45/299     5.31G      1.18     0.562         0      1.75        31       320     0.978         1     0.994     0.989      1.17      0.58         0
    46/299     5.31G      1.28     0.533         0      1.81        34       320     0.976         1     0.995     0.988      1.34      0.63         0
    47/299     5.31G      1.22      0.52         0      1.74        25       320     0.986     0.987     0.995     0.986      1.14     0.563         0
    48/299     5.31G      1.17     0.526         0       1.7        40       320     0.961         1     0.995      0.98       1.3     0.525         0
    49/299     5.31G       1.2     0.531         0      1.73        32       320     0.972         1     0.994     0.986      1.12     0.534         0
    50/299     5.31G      1.11     0.505         0      1.62        39       320     0.972         1     0.994     0.986      1.16     0.547         0
    51/299     5.31G      1.17     0.543         0      1.71        33       320     0.969         1     0.995     0.984      1.14     0.538         0
    52/299     5.31G       1.1     0.497         0       1.6        33       320     0.979         1     0.995     0.989      1.07     0.515         0
    53/299     5.31G      1.09     0.477         0      1.57        43       320     0.974         1     0.993     0.987      1.19     0.486         0
    54/299     5.31G      1.06     0.468         0      1.52        23       320      0.97         1     0.995     0.985      1.12     0.507         0
    55/299     5.31G      1.08     0.473         0      1.55        38       320     0.973         1     0.994     0.986      1.19     0.509         0
    56/299     5.31G      1.07     0.489         0      1.56        36       320     0.974         1     0.993     0.987      1.14     0.501         0
    57/299     5.31G       1.1     0.499         0       1.6        45       320     0.999     0.936     0.989     0.966      1.15     0.653         0
    58/299     5.31G      1.06     0.458         0      1.52        37       320      0.98         1     0.995      0.99      1.18     0.495         0
    59/299     5.31G      1.05     0.461         0      1.51        36       320     0.985         1     0.993     0.992      1.04       0.5         0
    60/299     5.31G      1.04     0.447         0      1.49        38       320     0.986         1     0.993     0.993      1.05     0.496         0
    61/299     5.31G      1.05     0.452         0      1.51        29       320     0.981         1     0.993      0.99      1.08     0.476         0
